14.500000
29.000000
43.500000
58.000000
72.500000
87.000000
101.500000
116.000000
130.499966
144.998637
159.485484
173.896155
187.991154
201.256805
213.243908
223.623812
231.619937
237.034610
240.355894
242.875081
244.651050
244.566634
242.723983
239.281956
234.474531
228.552533
221.799611
214.485292
206.850755
199.089669
190.013975
181.419717
179.138375
410.995885
213.287627
237.467033
248.395079
256.111312
261.070679
265.621773
270.984108
275.435506
278.999000
281.721523
283.662904
284.901106
285.532191
285.681065
285.456492
285.027312
284.265909
282.999472
281.300316
279.251862
276.923746
274.432654
271.887768
269.406744
267.117124
265.150747
263.261182
261.121221
258.749774
256.166469
253.394675
250.455654
247.371219
244.163677
240.859322
237.481618
234.054322
230.601421
227.155166
223.732171
220.365279
217.074993
213.890284
210.840407
207.945261
205.228828
202.584319
199.882177
197.142139
194.368940
191.583441
188.790778
186.007177
183.243618
180.517135
177.845324
175.233948
172.707278
170.277721
167.951180
165.753056
163.696140
161.800066
160.077892
158.542612
157.214336
155.982073
154.720127
153.430416
152.114868
150.783156
149.421882
148.048584
146.657512
145.242499
143.821763
142.389266
140.938552
139.479925
138.015431
136.547125
135.077073
133.598324
132.121766
130.649489
129.174240
127.707256
126.241081
124.787179
123.337891
121.895021
120.470372
119.055978
117.663865
116.275541
114.913360
113.568938
112.254748
110.950374
109.674665
108.424139
107.200636
106.005994
104.839801
103.704972
102.603317
101.534328
100.500922
99.504875
98.545584
97.625961
96.745326
95.907802
95.112663
94.361583
93.654982
