0.000000
0.000000
0.000000
0.000000
0.000000
0.000000
0.000000
0.000000
0.000000
171.786677
1093.142080
1994.360731
4310.390512
5882.582523
9084.257802
12710.488243
17141.385851
21223.222586
23481.403774
26732.620032
28793.416132
31086.381115
31985.816837
33070.811413
33056.040212
32839.253302
32176.067486
31603.277161
30379.755958
29342.282162
28246.631084
27100.518286
25526.823772
24005.914923
22481.957445
20920.495476
19270.027858
17617.397401
16240.145765
14864.603302
13812.342280
12399.647448
10705.470669
9124.431937
7761.496416
6318.874686
4697.134596
3086.735103
1931.582588
745.849809
0.000000
0.000000
0.000000
0.000000
0.000000
0.000000
0.000000
0.000000
0.000000
0.000000
0.000000
0.000000
0.000000
0.000000
0.000000
0.000000
0.000000
0.000000
0.000000
0.000000
0.000000
0.000000
0.000000
0.000000
0.000000
0.000000
0.000000
0.000000
0.000000
0.000000
0.000000
0.000000
0.000000
0.000000
0.000000
0.000000
0.000000
0.000000
0.000000
0.000000
0.000000
0.000000
0.000000
0.000000
0.000000
0.000000
0.000000
0.000000
0.000000
0.000000
0.000000
0.000000
0.000000
0.000000
0.000000
0.000000
0.000000
0.000000
0.000000
0.000000
0.000000
0.000000
0.000000
0.000000
0.000000
0.000000
0.000000
0.000000
0.000000
0.000000
0.000000
0.000000
0.000000
0.000000
0.000000
0.000000
0.000000
0.000000
0.000000
0.000000
0.000000
0.000000
0.000000
0.000000
0.000000
0.000000
0.000000
0.000000
0.000000
0.000000
0.000000
0.000000
0.000000
0.000000
0.000000
0.000000
0.000000
0.000000
0.000000
0.000000
