0.073
1.139
2.070
3.092
4.084
5.070
6.070
7.044
8.037
9.040
10.004
11.007
12.117
13.099
14.106
15.110
16.092
17.092
18.081
19.084
20.081
21.051
22.051
23.051
24.026
25.029
26.037
27.011
28.000
28.993
29.985
30.978
31.956
32.952
33.945
34.919
35.919
36.927
37.912
38.901
39.901
40.886
41.879
42.864
43.864
44.861
45.839
46.835
47.835
48.820
49.813
50.813
51.795
52.791
53.787
54.802
55.791
56.744
57.733
58.722
59.714
60.711
61.711
62.703
63.692
64.692
65.685
66.670
67.656
68.648
69.641
70.630
71.619
72.619
73.619
74.608
75.608
76.597
77.582
78.568
79.549
80.531
81.520
82.524
83.520
84.520
85.513
86.517
87.520
88.520
89.517
90.513
91.502
92.491
93.498
94.491
95.487
96.476
97.483
98.476
99.469
100.469
101.454
102.447
103.436
104.432
105.421
106.403
107.392
108.385
109.370
110.363
111.363
112.359
113.352
114.344
115.344
116.337
117.319
118.322
119.311
120.311
121.308
122.304
123.300
124.352
125.348
126.363
127.355
128.348
129.344
130.337
131.333
132.330
133.330
134.319
135.308
136.311
137.308
138.297
139.282
140.278
141.264
142.260
143.256
144.249
145.242
146.242
147.223
148.220
149.220
150.216
151.216
152.212
153.205
154.205
155.198
156.187
157.169
158.169
159.169
160.169
161.169
162.165
163.161
164.143
165.143
166.132
167.128
168.125
169.125
170.136
171.132
172.132
173.128
174.121
175.110
176.114
177.095
178.088
179.084
180.073
181.073
182.066
183.062
184.051
185.040
186.029
187.037
188.029
189.018
190.018
191.015
192.026
193.029
194.026
195.022
196.022
197.015
198.022
199.022
200.007
201.015
202.018
203.011
204.007
205.004
206.004
207.004
208.000
208.993
209.989
210.978
211.978
212.971
213.985
214.985
215.982
216.978
217.967
218.971
219.963
220.952
221.949
222.941
223.945
224.919
225.927
226.919
227.919
228.908
229.916
230.916
231.916
232.916
233.923
234.919
235.897
236.890
237.894
238.879
239.875
240.883
241.879
242.872
243.872
244.864
245.864
246.835
247.842
248.831
249.824
250.821
251.828
252.824
253.821
254.828
255.817
256.817
257.813
258.813
259.810
260.788
261.795
262.802
263.791
264.788
265.780
266.773
267.773
268.773
269.784
270.791
271.769
272.773
273.777
274.758
275.758
276.762
277.751
278.740
279.744
280.729
281.729
282.674
283.718
284.711
285.696
286.700
287.711
288.689
289.685
290.689
291.670
292.667
293.663
294.659
295.659
296.634
297.641
298.648
299.637
300.630
301.637
302.626
303.681
304.674
305.674
306.670
307.652
308.656
309.663
310.637
311.641
312.645
313.637
314.630
315.630
316.626
317.626
318.608
319.612
320.619
321.590
322.593
323.601
324.586
325.648
326.648
327.641
328.637
329.626
330.634
331.630
332.608
333.615
334.623
335.615
336.612
337.604
338.597
339.593
340.593
341.612
342.619
343.608
344.593
345.601
346.619
347.608
348.615
349.597
350.590
351.593
352.586
353.586
354.560
355.557
356.557
357.538
